time,left_s0,left_s1,left_e0,left_e1,left_w0,left_w1,left_w2,left_gripper,right_s0,right_s1,right_e0,right_e1,right_w0,right_w1,right_w2,right_gripper
0.449909,-0.835252539004,-0.503529193623,1.00552440646,1.51710699922,1.76599538205,-1.34798561735,1.53474777828,100.0,0.50774764079,0.0901213712883,-0.0751650586064,1.38403416587,0.372373836259,0.250038868425,0.0648106882882,96.4343566895
0.449987,-0.835252539004,-0.503529193623,1.00552440646,1.51710699922,1.76599538205,-1.34798561735,1.53474777828,100.0,0.50774764079,0.0901213712883,-0.0751650586064,1.38403416587,0.372373836259,0.250038868425,0.0648106882882,96.4343566895
0.460052,-0.835252539004,-0.502378708032,1.00552440646,1.51749049442,1.76522839166,-1.34798561735,1.53513127348,100.0,0.508131135987,0.0901213712883,-0.0759320490003,1.38288368028,0.372373836259,0.249655373228,0.0651941834851,96.4343566895
0.470064,-0.834869043807,-0.501995212836,1.00590790166,1.51787398961,1.76484489646,-1.34836911255,1.53436428308,100.0,0.50774764079,0.0901213712883,-0.0751650586064,1.38365067067,0.372757331456,0.250038868425,0.0651941834851,96.4343566895
0.480073,-0.835636034201,-0.502762203229,1.00475741606,1.51749049442,1.76561188686,-1.34798561735,1.53436428308,100.0,0.508514631184,0.0897378760913,-0.0755485538034,1.38288368028,0.372757331456,0.250805858819,0.0644271930912,96.4343566895
0.490055,-0.835252539004,-0.503145698426,1.00590790166,1.51710699922,1.76561188686,-1.34836911255,1.53436428308,100.0,0.50774764079,0.0905048664852,-0.0755485538034,1.38288368028,0.372757331456,0.250038868425,0.0655776786821,96.4343566895
0.500049,-0.835252539004,-0.502762203229,1.00552440646,1.51787398961,1.76522839166,-1.34836911255,1.53436428308,100.0,0.508131135987,0.0901213712883,-0.0755485538034,1.38326717548,0.372373836259,0.249655373228,0.0648106882882,96.4343566895
0.510050,-0.834869043807,-0.501611717639,1.00514091126,1.51710699922,1.76561188686,-1.34721862696,1.53398078789,100.0,0.508131135987,0.0908883616822,-0.0751650586064,1.38326717548,0.371606845865,0.250038868425,0.0648106882882,96.4343566895
0.520049,-0.835252539004,-0.501995212836,1.00514091126,1.51749049442,1.76561188686,-1.34798561735,1.53398078789,100.0,0.508514631184,0.0908883616822,-0.0747815634094,1.38365067067,0.371990341062,0.249655373228,0.0651941834851,96.4343566895
0.530050,-0.834869043807,-0.502762203229,1.00514091126,1.51710699922,1.76484489646,-1.34875260775,1.53513127348,100.0,0.507364145593,0.0905048664852,-0.0751650586064,1.38403416587,0.372757331456,0.250422363622,0.0648106882882,96.4343566895
0.540058,-0.834869043807,-0.503145698426,1.00552440646,1.51749049442,1.76484489646,-1.34913610295,1.53513127348,100.0,0.50774764079,0.0901213712883,-0.0751650586064,1.38250018508,0.372373836259,0.249655373228,0.0651941834851,96.4343566895
0.550051,-0.835636034201,-0.504296184017,1.00514091126,1.51672350402,1.76599538205,-1.34798561735,1.53398078789,100.0,0.507364145593,0.0901213712883,-0.0747815634094,1.38365067067,0.372757331456,0.250805858819,0.0648106882882,96.4343566895
0.560054,-0.835636034201,-0.502762203229,1.00552440646,1.51710699922,1.76599538205,-1.34836911255,1.53398078789,100.0,0.508131135987,0.0901213712883,-0.0751650586064,1.38403416587,0.371990341062,0.250038868425,0.0651941834851,96.4343566895
0.570050,-0.835636034201,-0.503529193623,1.00552440646,1.51787398961,1.76561188686,-1.34798561735,1.53474777828,100.0,0.508131135987,0.0897378760913,-0.0759320490003,1.38365067067,0.373140826653,0.249271878031,0.0644271930912,96.4343566895
0.580051,-0.834869043807,-0.503145698426,1.00475741606,1.51787398961,1.76637887725,-1.34836911255,1.53474777828,100.0,0.508131135987,0.0901213712883,-0.0751650586064,1.38326717548,0.371990341062,0.250038868425,0.0644271930912,96.4343566895
0.590049,-0.834869043807,-0.503529193623,1.00552440646,1.51825748481,1.76522839166,-1.34875260775,1.53436428308,100.0,0.508131135987,0.0905048664852,-0.0747815634094,1.38365067067,0.372757331456,0.250038868425,0.0644271930912,96.4343566895
0.600057,-0.835252539004,-0.503145698426,1.00552440646,1.51749049442,1.76484489646,-1.34836911255,1.53474777828,100.0,0.508131135987,0.0905048664852,-0.0751650586064,1.38326717548,0.372373836259,0.249655373228,0.0648106882882,96.4343566895
