time,left_s0,left_s1,left_e0,left_e1,left_w0,left_w1,left_w2,left_gripper,right_s0,right_s1,right_e0,right_e1,right_w0,right_w1,right_w2,right_gripper
0.549843,-0.856728270034,0.248888382834,0.148796136425,1.15662151407,3.0514712823,-0.321368975062,-0.316383537501,92.6044998169,0.575242795457,0.052922337182,-0.169504877061,1.3426166846,0.39883500485,0.27726702741,0.066728164273,92.2204208374
0.549918,-0.856728270034,0.248888382834,0.148796136425,1.15662151407,3.0514712823,-0.321368975062,-0.316383537501,92.6044998169,0.575242795457,0.052922337182,-0.169504877061,1.3426166846,0.39883500485,0.27726702741,0.066728164273,92.2204208374
0.559989,-0.85596127964,0.247737897243,0.149179631622,1.15700500926,3.05070429191,-0.322135965456,-0.315616547107,92.6044998169,0.574475805063,0.052922337182,-0.169504877061,1.34338367499,0.398451509653,0.276883532213,0.06711165947,92.2204208374
0.569993,-0.856728270034,0.247354402047,0.149179631622,1.15662151407,3.0510877871,-0.322519460653,-0.315616547107,92.6044998169,0.574092309866,0.052922337182,-0.169888372258,1.34376717019,0.399218500047,0.275733046622,0.066344669076,92.2204208374
0.580004,-0.857495260428,0.247737897243,0.148412641228,1.15662151407,3.0510877871,-0.321368975062,-0.316000042304,92.6044998169,0.574475805063,0.053305832379,-0.169888372258,1.34300017979,0.398451509653,0.276883532213,0.0659611738791,92.2204208374
0.589988,-0.856728270034,0.24697090685,0.148796136425,1.15700500926,3.0514712823,-0.32290295585,-0.315616547107,92.6044998169,0.574092309866,0.053689327576,-0.168737886667,1.34300017979,0.398451509653,0.276883532213,0.0659611738791,92.2204208374
0.599984,-0.856728270034,0.246587411653,0.148029146031,1.15662151407,3.05070429191,-0.322519460653,-0.315616547107,92.6044998169,0.574092309866,0.053689327576,-0.169888372258,1.34338367499,0.39883500485,0.276500037016,0.066728164273,92.2204208374
0.609980,-0.856344774837,0.24697090685,0.148029146031,1.15700500926,3.0514712823,-0.322519460653,-0.316000042304,92.6044998169,0.573708814669,0.053689327576,-0.169121381864,1.34300017979,0.398068014456,0.276883532213,0.0659611738791,92.2204208374
0.619982,-0.856728270034,0.24697090685,0.148029146031,1.15700500926,3.0514712823,-0.322135965456,-0.316000042304,92.6044998169,0.572558329078,0.0544563179699,-0.169888372258,1.34376717019,0.398068014456,0.275733046622,0.066344669076,92.2204208374
0.629984,-0.856728270034,0.247354402047,0.148029146031,1.15662151407,3.0510877871,-0.321752470259,-0.315616547107,92.6044998169,0.571407843487,0.0552233083639,-0.169504877061,1.34338367499,0.398068014456,0.275349551425,0.0659611738791,92.2204208374
0.639984,-0.856728270034,0.246587411653,0.148412641228,1.15700500926,3.0510877871,-0.32290295585,-0.316000042304,92.6044998169,0.571407843487,0.0556068035608,-0.169504877061,1.34453416058,0.398068014456,0.276883532213,0.066728164273,92.2204208374
0.649981,-0.857111765231,0.247354402047,0.148412641228,1.15662151407,3.0510877871,-0.322519460653,-0.31523305191,92.6044998169,0.569490367502,0.0548398131669,-0.169504877061,1.34415066538,0.397684519259,0.276883532213,0.0655776786821,92.2204208374
0.659984,-0.856728270034,0.247737897243,0.148412641228,1.15662151407,3.05070429191,-0.323669946244,-0.316000042304,92.6044998169,0.569873862699,0.0563737939548,-0.169888372258,1.34491765578,0.397301024062,0.276883532213,0.0659611738791,92.2204208374
0.669987,-0.857111765231,0.247737897243,0.148412641228,1.15662151407,3.0510877871,-0.322135965456,-0.315616547107,92.6044998169,0.569106872305,0.0571407843487,-0.168737886667,1.34530115098,0.398068014456,0.276883532213,0.066344669076,92.2204208374
0.679981,-0.857495260428,0.24812139244,0.147645650834,1.15623801887,3.05070429191,-0.322135965456,-0.316000042304,92.6044998169,0.568723377109,0.0575242795457,-0.169121381864,1.34530115098,0.398068014456,0.276883532213,0.0659611738791,92.2204208374
0.689987,-0.857111765231,0.249271878031,0.148412641228,1.15662151407,3.05070429191,-0.32290295585,-0.315616547107,92.6044998169,0.567572891518,0.0586747651366,-0.169888372258,1.34568464617,0.398068014456,0.276500037016,0.0659611738791,92.2204208374
0.700000,-0.856728270034,0.249271878031,0.147645650834,1.15738850446,3.0510877871,-0.323286451047,-0.315616547107,92.6044998169,0.566805901124,0.0582912699396,-0.169121381864,1.34606814137,0.397301024062,0.276883532213,0.066344669076,92.2204208374
0.709988,-0.856344774837,0.249655373228,0.148796136425,1.15777199966,3.0510877871,-0.323286451047,-0.316000042304,92.6044998169,0.566422405927,0.0598252507275,-0.169121381864,1.34568464617,0.398068014456,0.276883532213,0.066344669076,92.2204208374
0.719988,-0.856344774837,0.249271878031,0.148796136425,1.15777199966,3.0510877871,-0.32290295585,-0.316383537501,92.6044998169,0.564504929942,0.0602087459245,-0.169504877061,1.34721862696,0.396917528865,0.275733046622,0.066344669076,92.2204208374
0.729985,-0.857111765231,0.249655373228,0.148796136425,1.15777199966,3.0510877871,-0.324820431835,-0.317150527895,92.6044998169,0.564504929942,0.0605922411215,-0.169121381864,1.34760212216,0.396150538471,0.275349551425,0.066728164273,92.2204208374
0.739983,-0.856728270034,0.251189354016,0.148029146031,1.15777199966,3.0510877871,-0.323669946244,-0.316000042304,92.6044998169,0.563354444351,0.0605922411215,-0.16835439147,1.34721862696,0.396150538471,0.276883532213,0.066344669076,92.2204208374
0.749986,-0.857878755625,0.251572849213,0.148412641228,1.15892248525,3.05070429191,-0.32290295585,-0.316383537501,92.6044998169,0.561820463563,0.0617427267124,-0.169888372258,1.34798561735,0.396150538471,0.27726702741,0.066728164273,92.2204208374
