time,left_s0,left_s1,left_e0,left_e1,left_w0,left_w1,left_w2,left_gripper,right_s0,right_s1,right_e0,right_e1,right_w0,right_w1,right_w2,right_gripper
0.451980,-0.784631173003,-0.992485569762,0.220893233455,1.41739824801,-0.794218552928,1.82620412798,3.04495186395,92.2829589844,0.772742821897,-1.063048686,-0.626247656654,1.40934484887,0.726723398261,1.81738373845,-0.413024327138,96.5964355469
0.452053,-0.784631173003,-0.992485569762,0.220893233455,1.41739824801,-0.794218552928,1.82620412798,3.04495186395,92.2829589844,0.772742821897,-1.063048686,-0.626247656654,1.40934484887,0.726723398261,1.81738373845,-0.413024327138,96.5964355469
0.462118,-0.784631173003,-0.991718579368,0.221276728652,1.4185487336,-0.793835057731,1.82658762317,3.04495186395,92.2829589844,0.770825345912,-1.06266519081,-0.62548066626,1.41011183926,0.727490388655,1.81700024325,-0.412640831941,96.5964355469
0.472127,-0.785781658594,-0.991335084171,0.220893233455,1.4185487336,-0.794218552928,1.82697111837,3.04456836876,92.2829589844,0.771975831503,-1.06228169561,-0.625097171063,1.41011183926,0.726723398261,1.81738373845,-0.412640831941,96.5964355469
0.482127,-0.783864182609,-0.991718579368,0.221276728652,1.41893222879,-0.793835057731,1.82658762317,3.04456836876,92.2829589844,0.771592336306,-1.063048686,-0.624713675866,1.40934484887,0.727106893458,1.81815072884,-0.413407822335,96.5964355469
0.492124,-0.785398163397,-0.992102074565,0.220893233455,1.4181652384,-0.793835057731,1.82658762317,3.04495186395,92.2829589844,0.773126317094,-1.063048686,-0.625097171063,1.41049533446,0.727106893458,1.81738373845,-0.413791317532,96.5964355469
0.502121,-0.785398163397,-0.991718579368,0.221276728652,1.41739824801,-0.793835057731,1.82697111837,3.04495186395,92.2829589844,0.773509812291,-1.06266519081,-0.625097171063,1.41011183926,0.726723398261,1.81815072884,-0.413407822335,96.5964355469
0.512121,-0.784247677806,-0.991718579368,0.220509738259,1.41701475281,-0.794218552928,1.82697111837,3.04533535915,92.2829589844,0.771975831503,-1.06228169561,-0.62548066626,1.40934484887,0.726723398261,1.81661674805,-0.412640831941,96.5964355469
0.522121,-0.784631173003,-0.992102074565,0.220893233455,1.41893222879,-0.793835057731,1.82735461357,3.04533535915,92.2829589844,0.771592336306,-1.06266519081,-0.624713675866,1.41011183926,0.726723398261,1.81700024325,-0.413024327138,96.5964355469
0.532165,-0.7850146682,-0.991718579368,0.220893233455,1.4181652384,-0.793835057731,1.82697111837,3.04533535915,92.2829589844,0.771975831503,-1.06228169561,-0.62548066626,1.41049533446,0.727106893458,1.81738373845,-0.413791317532,96.5964355469
0.542128,-0.784631173003,-0.992102074565,0.221276728652,1.4181652384,-0.794602048125,1.82658762317,3.04495186395,92.2829589844,0.7723593267,-1.06189820041,-0.625097171063,1.41011183926,0.726723398261,1.81700024325,-0.413024327138,96.5964355469
0.552123,-0.7850146682,-0.990951588974,0.220893233455,1.41931572399,-0.794218552928,1.82697111837,3.04495186395,92.2829589844,0.771975831503,-1.06266519081,-0.62548066626,1.40934484887,0.727490388655,1.81738373845,-0.413407822335,96.5964355469
0.562122,-0.785398163397,-0.991335084171,0.221276728652,1.41893222879,-0.793451562534,1.82658762317,3.04456836876,92.2829589844,0.771975831503,-1.06266519081,-0.625097171063,1.40934484887,0.727873883852,1.81700024325,-0.414174812729,96.5964355469
0.572122,-0.7850146682,-0.991718579368,0.221276728652,1.42008271438,-0.794218552928,1.82658762317,3.04533535915,92.2829589844,0.771975831503,-1.06228169561,-0.62548066626,1.40972834407,0.727106893458,1.81738373845,-0.412640831941,96.5964355469
0.582123,-0.785398163397,-0.991718579368,0.220509738259,1.4181652384,-0.793451562534,1.82735461357,3.04456836876,92.2829589844,0.771592336306,-1.06266519081,-0.62548066626,1.41087882966,0.726723398261,1.81700024325,-0.413791317532,96.5964355469
0.592120,-0.784631173003,-0.991335084171,0.221276728652,1.4181652384,-0.793451562534,1.82697111837,3.04533535915,92.2829589844,0.7723593267,-1.063048686,-0.625097171063,1.41049533446,0.727490388655,1.81776723364,-0.413407822335,96.5964355469
0.602122,-0.7850146682,-0.992102074565,0.220893233455,1.41893222879,-0.794218552928,1.82697111837,3.04533535915,92.2829589844,0.771975831503,-1.063048686,-0.625097171063,1.40972834407,0.727106893458,1.81738373845,-0.413024327138,96.5964355469
0.612122,-0.785398163397,-0.992102074565,0.221276728652,1.4185487336,-0.793451562534,1.82697111837,3.04495186395,92.2829589844,0.771592336306,-1.06266519081,-0.625097171063,1.40972834407,0.727106893458,1.81623325286,-0.413791317532,96.5964355469
0.622123,-0.784631173003,-0.990951588974,0.220893233455,1.41701475281,-0.793835057731,1.82773810877,3.04495186395,92.2829589844,0.771975831503,-1.06266519081,-0.62548066626,1.40934484887,0.727106893458,1.81738373845,-0.413407822335,96.5964355469
0.632120,-0.785398163397,-0.992102074565,0.220509738259,1.41739824801,-0.793835057731,1.82735461357,3.04456836876,92.2829589844,0.772742821897,-1.06189820041,-0.625097171063,1.40972834407,0.727490388655,1.81776723364,-0.413407822335,96.5964355469
0.642120,-0.786165153791,-0.992102074565,0.221276728652,1.41739824801,-0.794218552928,1.82773810877,3.04456836876,92.2829589844,0.772742821897,-1.06228169561,-0.62548066626,1.40972834407,0.727106893458,1.81700024325,-0.413791317532,96.5964355469
0.652121,-0.785398163397,-0.992102074565,0.221276728652,1.4185487336,-0.793835057731,1.82735461357,3.04495186395,92.2829589844,0.773126317094,-1.06228169561,-0.625864161457,1.41011183926,0.727106893458,1.81738373845,-0.413024327138,96.5964355469
0.662120,-0.784631173003,-0.990951588974,0.221276728652,1.4181652384,-0.794218552928,1.82735461357,3.04495186395,92.2829589844,0.7723593267,-1.06228169561,-0.62548066626,1.40934484887,0.727106893458,1.81738373845,-0.413407822335,96.5964355469
0.672081,-0.785781658594,-0.991335084171,0.221276728652,1.4185487336,-0.793068067337,1.82773810877,3.04533535915,92.2829589844,0.7723593267,-1.06228169561,-0.625097171063,1.40972834407,0.727106893458,1.81700024325,-0.413407822335,96.5964355469
0.682123,-0.784631173003,-0.991718579368,0.220893233455,1.4181652384,-0.793451562534,1.82658762317,3.04533535915,92.2829589844,0.7723593267,-1.063048686,-0.625097171063,1.40972834407,0.726723398261,1.81661674805,-0.413407822335,96.5964355469
0.692120,-0.7850146682,-0.991718579368,0.221276728652,1.41701475281,-0.793068067337,1.82697111837,3.04495186395,92.2829589844,0.771975831503,-1.06228169561,-0.62548066626,1.41011183926,0.727106893458,1.81776723364,-0.413791317532,96.5964355469
0.702115,-0.785398163397,-0.992485569762,0.220509738259,1.4185487336,-0.793835057731,1.82697111837,3.04533535915,92.2829589844,0.772742821897,-1.06266519081,-0.625864161457,1.40972834407,0.727490388655,1.81776723364,-0.413791317532,96.5964355469
0.712120,-0.785398163397,-0.991335084171,0.221276728652,1.4185487336,-0.793835057731,1.82735461357,3.04533535915,92.2829589844,0.7723593267,-1.06228169561,-0.625864161457,1.41011183926,0.727106893458,1.81738373845,-0.413407822335,96.5964355469
0.722117,-0.7850146682,-0.991718579368,0.221276728652,1.41931572399,-0.793451562534,1.82697111837,3.04456836876,92.2829589844,0.771975831503,-1.06266519081,-0.626247656654,1.40934484887,0.727106893458,1.81815072884,-0.414174812729,96.5964355469
0.732157,-0.785781658594,-0.991335084171,0.220893233455,1.41739824801,-0.794602048125,1.82697111837,3.04456836876,92.2829589844,0.771975831503,-1.06266519081,-0.62548066626,1.40972834407,0.727106893458,1.81738373845,-0.413791317532,96.5964355469
0.742211,-0.785781658594,-0.991335084171,0.221276728652,1.4181652384,-0.793835057731,1.82735461357,3.04495186395,92.2829589844,0.772742821897,-1.06228169561,-0.625864161457,1.40934484887,0.726339903064,1.81700024325,-0.413407822335,96.5964355469
0.752128,-0.785781658594,-0.990951588974,0.221276728652,1.4185487336,-0.793835057731,1.82735461357,3.04495186395,92.2829589844,0.771975831503,-1.063048686,-0.625864161457,1.40972834407,0.727490388655,1.81738373845,-0.412257336744,96.5964355469
0.762131,-0.785398163397,-0.992102074565,0.221276728652,1.4181652384,-0.794218552928,1.82658762317,3.04456836876,92.2829589844,0.771975831503,-1.06266519081,-0.62548066626,1.40934484887,0.727106893458,1.81623325286,-0.413407822335,96.5964355469
0.772127,-0.7850146682,-0.992102074565,0.220893233455,1.4181652384,-0.794218552928,1.82735461357,3.04456836876,92.2829589844,0.771975831503,-1.06266519081,-0.62548066626,1.40972834407,0.726339903064,1.81776723364,-0.413024327138,96.5964355469
0.782122,-0.785781658594,-0.992102074565,0.220893233455,1.41739824801,-0.793835057731,1.82697111837,3.04533535915,92.2829589844,0.772742821897,-1.063048686,-0.62548066626,1.40972834407,0.726723398261,1.81738373845,-0.412640831941,96.5964355469
0.792124,-0.785781658594,-0.992102074565,0.221660223849,1.41893222879,-0.794218552928,1.82697111837,3.04456836876,92.2829589844,0.771975831503,-1.06228169561,-0.625864161457,1.40934484887,0.726339903064,1.81661674805,-0.413791317532,96.5964355469
0.802125,-0.7850146682,-0.992102074565,0.221660223849,1.41893222879,-0.793451562534,1.82658762317,3.04533535915,92.2829589844,0.773126317094,-1.063048686,-0.625864161457,1.41011183926,0.727106893458,1.81661674805,-0.414174812729,96.5964355469
0.812123,-0.785398163397,-0.991335084171,0.221276728652,1.41739824801,-0.794218552928,1.82697111837,3.04495186395,92.2829589844,0.772742821897,-1.06266519081,-0.625864161457,1.41011183926,0.727106893458,1.81738373845,-0.414174812729,96.5964355469
0.822120,-0.784631173003,-0.991718579368,0.220893233455,1.41739824801,-0.793835057731,1.82735461357,3.04495186395,92.2829589844,0.771975831503,-1.063048686,-0.625864161457,1.40972834407,0.727490388655,1.81776723364,-0.414174812729,96.5964355469
0.832120,-0.785398163397,-0.991335084171,0.221276728652,1.41739824801,-0.793451562534,1.82620412798,3.04456836876,92.2829589844,0.7723593267,-1.06266519081,-0.625097171063,1.41011183926,0.727106893458,1.81738373845,-0.413407822335,96.5964355469
0.842124,-0.784631173003,-0.991718579368,0.220893233455,1.41701475281,-0.794218552928,1.82697111837,3.04495186395,92.2829589844,0.7723593267,-1.0638156764,-0.62548066626,1.40934484887,0.726723398261,1.81661674805,-0.413407822335,96.5964355469
0.852123,-0.784631173003,-0.991335084171,0.221660223849,1.41739824801,-0.794218552928,1.82735461357,3.04456836876,92.2829589844,0.771975831503,-1.06266519081,-0.62548066626,1.40972834407,0.726723398261,1.81738373845,-0.412640831941,96.5964355469
0.862123,-0.7850146682,-0.991335084171,0.220893233455,1.4181652384,-0.793451562534,1.82697111837,3.04456836876,92.2829589844,0.773126317094,-1.063048686,-0.624713675866,1.40934484887,0.727106893458,1.81738373845,-0.413791317532,96.5964355469
0.872127,-0.784247677806,-0.992102074565,0.221276728652,1.41739824801,-0.793835057731,1.82697111837,3.04533535915,92.2829589844,0.771975831503,-1.06228169561,-0.625864161457,1.41011183926,0.726723398261,1.81700024325,-0.413407822335,96.5964355469
0.882125,-0.7850146682,-0.991718579368,0.221276728652,1.4185487336,-0.793835057731,1.82773810877,3.04533535915,92.2829589844,0.773126317094,-1.06228169561,-0.625097171063,1.41049533446,0.727490388655,1.81776723364,-0.413024327138,96.5964355469
0.892126,-0.784631173003,-0.991335084171,0.221276728652,1.4181652384,-0.794218552928,1.82697111837,3.04533535915,92.2829589844,0.771592336306,-1.063048686,-0.62548066626,1.40934484887,0.726723398261,1.81700024325,-0.413024327138,96.5964355469
0.902121,-0.784247677806,-0.991718579368,0.220893233455,1.41739824801,-0.793835057731,1.82697111837,3.04495186395,92.2829589844,0.772742821897,-1.06189820041,-0.625097171063,1.41011183926,0.727490388655,1.81776723364,-0.412640831941,96.5964355469
0.912121,-0.7850146682,-0.991335084171,0.220893233455,1.41739824801,-0.794218552928,1.82697111837,3.04533535915,92.2829589844,0.772742821897,-1.063048686,-0.62548066626,1.41011183926,0.727106893458,1.81776723364,-0.413407822335,96.5964355469
0.922127,-0.7850146682,-0.992102074565,0.220509738259,1.4185487336,-0.793068067337,1.82735461357,3.04571885435,92.2829589844,0.771208841109,-1.06228169561,-0.624713675866,1.40972834407,0.727490388655,1.81738373845,-0.413791317532,96.5964355469
0.932173,-0.7850146682,-0.991718579368,0.221276728652,1.41663125761,-0.794602048125,1.82773810877,3.04495186395,92.2829589844,0.7723593267,-1.06228169561,-0.62548066626,1.41011183926,0.727490388655,1.81738373845,-0.413791317532,96.5964355469
0.942127,-0.785398163397,-0.991335084171,0.220893233455,1.4185487336,-0.793835057731,1.82697111837,3.04495186395,92.2829589844,0.773509812291,-1.06266519081,-0.625864161457,1.40972834407,0.727490388655,1.81738373845,-0.413791317532,96.5964355469
0.952122,-0.784247677806,-0.990951588974,0.220126243062,1.4181652384,-0.793451562534,1.82658762317,3.04533535915,92.2829589844,0.772742821897,-1.063048686,-0.625864161457,1.41011183926,0.727873883852,1.81815072884,-0.413791317532,96.5964355469
0.962127,-0.7850146682,-0.991718579368,0.221276728652,1.4181652384,-0.794218552928,1.82812160396,3.04495186395,92.2829589844,0.772742821897,-1.06266519081,-0.625097171063,1.40972834407,0.727106893458,1.81776723364,-0.413024327138,96.5964355469
0.972125,-0.7850146682,-0.991335084171,0.220893233455,1.4185487336,-0.793835057731,1.82697111837,3.04495186395,92.2829589844,0.771975831503,-1.06266519081,-0.625097171063,1.40972834407,0.727490388655,1.81738373845,-0.413407822335,96.5964355469
0.982125,-0.784631173003,-0.991718579368,0.220893233455,1.41893222879,-0.793451562534,1.82697111837,3.04533535915,92.2829589844,0.771592336306,-1.06228169561,-0.626247656654,1.40934484887,0.727106893458,1.81738373845,-0.413407822335,96.5964355469
0.992125,-0.7850146682,-0.991718579368,0.221276728652,1.4181652384,-0.793835057731,1.82735461357,3.04571885435,92.2829589844,0.7723593267,-1.06228169561,-0.626247656654,1.40972834407,0.726723398261,1.81738373845,-0.413407822335,96.5964355469
1.002124,-0.7850146682,-0.991718579368,0.220509738259,1.4181652384,-0.793835057731,1.82697111837,3.04571885435,92.2829589844,0.772742821897,-1.06266519081,-0.625864161457,1.40972834407,0.727106893458,1.81815072884,-0.413407822335,96.5964355469
1.012126,-0.785398163397,-0.990951588974,0.221276728652,1.41739824801,-0.794218552928,1.82658762317,3.04571885435,92.2829589844,0.773126317094,-1.063048686,-0.62548066626,1.40934484887,0.727873883852,1.81700024325,-0.413791317532,96.5964355469
1.022126,-0.785398163397,-0.990951588974,0.220893233455,1.4181652384,-0.794218552928,1.82658762317,3.04571885435,92.2829589844,0.7723593267,-1.063048686,-0.624713675866,1.40934484887,0.726723398261,1.81700024325,-0.412257336744,96.5964355469
1.032123,-0.785398163397,-0.991335084171,0.221276728652,1.4181652384,-0.793451562534,1.82773810877,3.04456836876,92.2829589844,0.771208841109,-1.063048686,-0.624713675866,1.40934484887,0.727490388655,1.81700024325,-0.413024327138,96.5964355469
1.042125,-0.7850146682,-0.990951588974,0.220509738259,1.41701475281,-0.793835057731,1.82697111837,3.04495186395,92.2829589844,0.771975831503,-1.06266519081,-0.62548066626,1.40934484887,0.727873883852,1.81738373845,-0.413407822335,96.5964355469
1.052121,-0.7850146682,-0.991335084171,0.221660223849,1.41931572399,-0.793451562534,1.82697111837,3.04495186395,92.2829589844,0.771975831503,-1.06189820041,-0.62548066626,1.40972834407,0.726723398261,1.81776723364,-0.412640831941,96.5964355469
1.062121,-0.7850146682,-0.991718579368,0.221276728652,1.4185487336,-0.794218552928,1.82697111837,3.04533535915,92.2829589844,0.771975831503,-1.06189820041,-0.625864161457,1.40934484887,0.726723398261,1.81815072884,-0.414174812729,96.5964355469
1.072122,-0.784631173003,-0.990951588974,0.220509738259,1.4181652384,-0.794218552928,1.82735461357,3.04495186395,92.2829589844,0.771975831503,-1.06228169561,-0.625864161457,1.41049533446,0.727490388655,1.81738373845,-0.413407822335,96.5964355469
1.082124,-0.7850146682,-0.991335084171,0.221276728652,1.4181652384,-0.793068067337,1.82697111837,3.04418487356,92.2829589844,0.771592336306,-1.06266519081,-0.62548066626,1.40934484887,0.727490388655,1.81776723364,-0.413407822335,96.5964355469
1.092122,-0.785781658594,-0.990951588974,0.221276728652,1.4181652384,-0.793835057731,1.82658762317,3.04495186395,92.2829589844,0.771975831503,-1.06228169561,-0.62548066626,1.41049533446,0.727106893458,1.81738373845,-0.413407822335,96.5964355469
1.102122,-0.784247677806,-0.991718579368,0.221276728652,1.41893222879,-0.793835057731,1.82735461357,3.04533535915,92.2829589844,0.772742821897,-1.06228169561,-0.625864161457,1.41011183926,0.727106893458,1.81700024325,-0.413024327138,96.5964355469
1.112124,-0.785398163397,-0.992485569762,0.221276728652,1.4181652384,-0.793451562534,1.82697111837,3.04533535915,92.2829589844,0.771975831503,-1.063048686,-0.625097171063,1.40896135367,0.727490388655,1.81700024325,-0.413407822335,96.5964355469
1.122122,-0.7850146682,-0.992485569762,0.221276728652,1.4181652384,-0.793451562534,1.82697111837,3.04533535915,92.2829589844,0.771975831503,-1.06189820041,-0.62548066626,1.40934484887,0.727490388655,1.81738373845,-0.413407822335,96.5964355469
1.132124,-0.7850146682,-0.990951588974,0.221276728652,1.41739824801,-0.793451562534,1.82658762317,3.04495186395,92.2829589844,0.772742821897,-1.06266519081,-0.62548066626,1.40896135367,0.727106893458,1.81738373845,-0.413407822335,96.5964355469
1.142156,-0.784631173003,-0.991335084171,0.220893233455,1.4181652384,-0.794218552928,1.82620412798,3.04533535915,92.2829589844,0.773126317094,-1.06266519081,-0.626631151851,1.41011183926,0.726339903064,1.81738373845,-0.412640831941,96.5964355469
1.152124,-0.785398163397,-0.990568093777,0.221276728652,1.4181652384,-0.793835057731,1.82697111837,3.04495186395,92.2829589844,0.771975831503,-1.06228169561,-0.625864161457,1.41011183926,0.727106893458,1.81700024325,-0.412257336744,96.5964355469
1.162127,-0.785398163397,-0.991335084171,0.220893233455,1.41701475281,-0.793835057731,1.82697111837,3.04495186395,92.2829589844,0.771975831503,-1.06266519081,-0.62548066626,1.40972834407,0.727490388655,1.81700024325,-0.413024327138,96.5964355469
1.172127,-0.784631173003,-0.991718579368,0.221276728652,1.4181652384,-0.793835057731,1.82773810877,3.04456836876,92.2829589844,0.771592336306,-1.06189820041,-0.626247656654,1.40934484887,0.727106893458,1.81776723364,-0.413024327138,96.5964355469
1.182128,-0.7850146682,-0.992102074565,0.220893233455,1.41893222879,-0.794218552928,1.82735461357,3.04533535915,92.2829589844,0.7723593267,-1.06266519081,-0.625097171063,1.41049533446,0.726723398261,1.81700024325,-0.413024327138,96.5964355469
1.192126,-0.7850146682,-0.991335084171,0.221276728652,1.41739824801,-0.793835057731,1.82812160396,3.04495186395,92.2829589844,0.7723593267,-1.06266519081,-0.62548066626,1.40934484887,0.726723398261,1.81738373845,-0.413791317532,96.5964355469
1.202121,-0.785398163397,-0.990951588974,0.221276728652,1.4181652384,-0.794218552928,1.82658762317,3.04495186395,92.2829589844,0.772742821897,-1.06228169561,-0.625097171063,1.40972834407,0.727106893458,1.81738373845,-0.413024327138,96.5964355469
1.212123,-0.784631173003,-0.991718579368,0.220893233455,1.41701475281,-0.793451562534,1.82735461357,3.04456836876,92.2829589844,0.7723593267,-1.06228169561,-0.625864161457,1.40934484887,0.727106893458,1.81815072884,-0.413024327138,96.5964355469
1.222153,-0.784247677806,-0.991718579368,0.220893233455,1.4185487336,-0.794602048125,1.82658762317,3.04418487356,92.2829589844,0.771975831503,-1.063048686,-0.625097171063,1.40934484887,0.726723398261,1.81776723364,-0.412640831941,96.5964355469
1.232116,-0.7850146682,-0.991335084171,0.221276728652,1.41701475281,-0.793451562534,1.82697111837,3.04456836876,92.2829589844,0.773893307488,-1.06228169561,-0.62548066626,1.41011183926,0.727106893458,1.81700024325,-0.413024327138,96.5964355469
1.242115,-0.7850146682,-0.991335084171,0.221276728652,1.41893222879,-0.794218552928,1.82620412798,3.04495186395,92.2829589844,0.772742821897,-1.06266519081,-0.625097171063,1.40972834407,0.727490388655,1.81738373845,-0.413407822335,96.5964355469
1.252117,-0.7850146682,-0.991718579368,0.220893233455,1.4185487336,-0.793068067337,1.82697111837,3.04533535915,92.2829589844,0.772742821897,-1.06151470522,-0.625864161457,1.40972834407,0.726723398261,1.81738373845,-0.413791317532,96.5964355469
1.262117,-0.784631173003,-0.991335084171,0.220509738259,1.41739824801,-0.793451562534,1.82658762317,3.04495186395,92.2829589844,0.771975831503,-1.06228169561,-0.625864161457,1.40857785848,0.727106893458,1.81738373845,-0.413791317532,96.5964355469
1.272120,-0.783864182609,-0.990568093777,0.221276728652,1.41739824801,-0.793835057731,1.82773810877,3.04533535915,92.2829589844,0.7723593267,-1.06228169561,-0.625864161457,1.41011183926,0.727490388655,1.81700024325,-0.413407822335,96.5964355469
1.282128,-0.7850146682,-0.991335084171,0.220893233455,1.41701475281,-0.793835057731,1.82735461357,3.04495186395,92.2829589844,0.773126317094,-1.06189820041,-0.625864161457,1.41011183926,0.727106893458,1.81815072884,-0.413024327138,96.5964355469
1.292124,-0.785781658594,-0.990568093777,0.220893233455,1.41893222879,-0.794218552928,1.82735461357,3.04533535915,92.2829589844,0.7723593267,-1.06189820041,-0.625864161457,1.41011183926,0.727490388655,1.81661674805,-0.413407822335,96.5964355469
1.302118,-0.785398163397,-0.992102074565,0.221276728652,1.4185487336,-0.793835057731,1.82697111837,3.04456836876,92.2829589844,0.771592336306,-1.06228169561,-0.62548066626,1.40934484887,0.727490388655,1.81776723364,-0.413407822335,96.5964355469
1.312129,-0.784631173003,-0.991718579368,0.220893233455,1.41739824801,-0.793835057731,1.82697111837,3.04495186395,92.2829589844,0.772742821897,-1.06266519081,-0.62548066626,1.41049533446,0.726723398261,1.81776723364,-0.413407822335,96.5964355469
1.322143,-0.7850146682,-0.991718579368,0.221660223849,1.41739824801,-0.793835057731,1.82697111837,3.04456836876,92.2829589844,0.7723593267,-1.063048686,-0.625864161457,1.40934484887,0.726723398261,1.81661674805,-0.413791317532,96.5964355469
1.332126,-0.785781658594,-0.991335084171,0.220893233455,1.41931572399,-0.794218552928,1.82735461357,3.04533535915,92.2829589844,0.773126317094,-1.06228169561,-0.625097171063,1.40934484887,0.726723398261,1.81738373845,-0.413407822335,96.5964355469
1.342125,-0.7850146682,-0.991718579368,0.220893233455,1.41931572399,-0.793451562534,1.82697111837,3.04456836876,92.2829589844,0.7723593267,-1.06228169561,-0.625864161457,1.41011183926,0.727490388655,1.81776723364,-0.413791317532,96.5964355469
1.352120,-0.7850146682,-0.992102074565,0.221276728652,1.4185487336,-0.793835057731,1.82697111837,3.04495186395,92.2829589844,0.771975831503,-1.06228169561,-0.62548066626,1.40972834407,0.726723398261,1.81700024325,-0.413407822335,96.5964355469
1.362144,-0.785398163397,-0.990951588974,0.220893233455,1.41893222879,-0.793451562534,1.82620412798,3.04533535915,92.2829589844,0.771592336306,-1.06266519081,-0.625097171063,1.40972834407,0.726339903064,1.81738373845,-0.413407822335,96.5964355469
1.372144,-0.784631173003,-0.991718579368,0.221276728652,1.41701475281,-0.793451562534,1.82697111837,3.04495186395,92.2829589844,0.771975831503,-1.06266519081,-0.625097171063,1.41011183926,0.727106893458,1.81738373845,-0.413407822335,96.5964355469
1.382125,-0.785398163397,-0.991335084171,0.219742747865,1.4181652384,-0.794602048125,1.82658762317,3.04495186395,92.2829589844,0.771975831503,-1.063048686,-0.625864161457,1.40972834407,0.726723398261,1.81815072884,-0.413407822335,96.5964355469
1.392143,-0.7850146682,-0.990568093777,0.221276728652,1.41739824801,-0.793835057731,1.82735461357,3.04418487356,92.2829589844,0.771975831503,-1.06189820041,-0.62548066626,1.40972834407,0.727106893458,1.81738373845,-0.413407822335,96.5964355469
1.402121,-0.784631173003,-0.991335084171,0.220893233455,1.41739824801,-0.794218552928,1.82697111837,3.04533535915,92.2829589844,0.771592336306,-1.06266519081,-0.625864161457,1.40972834407,0.727106893458,1.81700024325,-0.413407822335,96.5964355469
1.412118,-0.786165153791,-0.992102074565,0.221276728652,1.41893222879,-0.793835057731,1.82812160396,3.04456836876,92.2829589844,0.771592336306,-1.06266519081,-0.62548066626,1.40896135367,0.727490388655,1.81776723364,-0.413407822335,96.5964355469
1.422130,-0.784631173003,-0.992102074565,0.221276728652,1.41969921919,-0.794602048125,1.82735461357,3.04456836876,92.2829589844,0.7723593267,-1.06266519081,-0.625097171063,1.40934484887,0.727490388655,1.81700024325,-0.413024327138,96.5964355469
1.432121,-0.785398163397,-0.991335084171,0.220893233455,1.41739824801,-0.794218552928,1.82735461357,3.04456836876,92.2829589844,0.773509812291,-1.06266519081,-0.625864161457,1.40972834407,0.727490388655,1.81700024325,-0.413791317532,96.5964355469
1.442119,-0.7850146682,-0.992102074565,0.220893233455,1.4181652384,-0.793451562534,1.82697111837,3.04456836876,92.2829589844,0.7723593267,-1.063048686,-0.62548066626,1.40972834407,0.726723398261,1.81776723364,-0.412257336744,96.5964355469
1.452118,-0.7850146682,-0.991335084171,0.221276728652,1.41739824801,-0.793835057731,1.82697111837,3.04571885435,92.2829589844,0.773509812291,-1.063048686,-0.626247656654,1.40972834407,0.727106893458,1.81776723364,-0.413024327138,96.5964355469
1.462117,-0.785781658594,-0.990951588974,0.220893233455,1.41931572399,-0.793451562534,1.82697111837,3.04495186395,92.2829589844,0.7723593267,-1.06228169561,-0.625864161457,1.40972834407,0.727106893458,1.81700024325,-0.413791317532,96.5964355469
1.472138,-0.7850146682,-0.992102074565,0.220893233455,1.4181652384,-0.793835057731,1.82697111837,3.04495186395,92.2829589844,0.7723593267,-1.06228169561,-0.62548066626,1.40934484887,0.726723398261,1.81738373845,-0.413024327138,96.5964355469
1.482126,-0.784631173003,-0.991718579368,0.221276728652,1.4181652384,-0.793835057731,1.82735461357,3.04495186395,92.2829589844,0.771592336306,-1.06266519081,-0.62548066626,1.40972834407,0.727490388655,1.81738373845,-0.413791317532,96.5964355469
1.492124,-0.7850146682,-0.992102074565,0.220893233455,1.4181652384,-0.793451562534,1.82697111837,3.04495186395,92.2829589844,0.771975831503,-1.06266519081,-0.625097171063,1.40934484887,0.727106893458,1.81776723364,-0.413791317532,96.5964355469
1.502117,-0.784247677806,-0.991718579368,0.220893233455,1.4181652384,-0.793835057731,1.82697111837,3.04456836876,92.2829589844,0.7723593267,-1.06266519081,-0.625097171063,1.40934484887,0.727106893458,1.81776723364,-0.413024327138,96.5964355469
1.512118,-0.785781658594,-0.990951588974,0.221276728652,1.41739824801,-0.794218552928,1.82735461357,3.04495186395,92.2829589844,0.771975831503,-1.06228169561,-0.62548066626,1.40972834407,0.727873883852,1.81738373845,-0.413407822335,96.5964355469
1.522115,-0.785398163397,-0.991718579368,0.221276728652,1.4181652384,-0.793451562534,1.82658762317,3.04571885435,92.2829589844,0.7723593267,-1.063048686,-0.625097171063,1.40972834407,0.726723398261,1.81738373845,-0.413791317532,96.5964355469
1.532114,-0.785781658594,-0.991718579368,0.221276728652,1.41739824801,-0.793451562534,1.82697111837,3.04495186395,92.2829589844,0.771975831503,-1.063048686,-0.625097171063,1.40934484887,0.727106893458,1.81776723364,-0.413407822335,96.5964355469
1.542118,-0.784631173003,-0.991335084171,0.220893233455,1.41701475281,-0.793451562534,1.82697111837,3.04495186395,92.2829589844,0.773126317094,-1.06228169561,-0.62548066626,1.40857785848,0.727490388655,1.81776723364,-0.413407822335,96.5964355469
1.552119,-0.785781658594,-0.990951588974,0.221276728652,1.41701475281,-0.794218552928,1.82735461357,3.04456836876,92.2829589844,0.772742821897,-1.06266519081,-0.624713675866,1.41011183926,0.727106893458,1.81776723364,-0.412640831941,96.5964355469
1.562119,-0.785398163397,-0.991718579368,0.220893233455,1.4181652384,-0.794218552928,1.82773810877,3.04533535915,92.2829589844,0.773509812291,-1.06266519081,-0.625864161457,1.40972834407,0.726723398261,1.81776723364,-0.413791317532,96.5964355469
1.572164,-0.7850146682,-0.991718579368,0.220893233455,1.4185487336,-0.793068067337,1.82697111837,3.04495186395,92.2829589844,0.7723593267,-1.06266519081,-0.626247656654,1.40934484887,0.727490388655,1.81776723364,-0.413407822335,96.5964355469
1.582134,-0.784631173003,-0.991718579368,0.221276728652,1.41701475281,-0.793835057731,1.82697111837,3.04495186395,92.2829589844,0.7723593267,-1.06266519081,-0.62548066626,1.40972834407,0.727106893458,1.81776723364,-0.413791317532,96.5964355469
1.592152,-0.786165153791,-0.990951588974,0.221276728652,1.41701475281,-0.793835057731,1.82735461357,3.04456836876,92.2829589844,0.773126317094,-1.063048686,-0.625097171063,1.40972834407,0.726339903064,1.81776723364,-0.413024327138,96.5964355469
1.602130,-0.7850146682,-0.991335084171,0.221276728652,1.4181652384,-0.793835057731,1.82735461357,3.04495186395,92.2829589844,0.773509812291,-1.06266519081,-0.624713675866,1.40934484887,0.727106893458,1.81623325286,-0.413407822335,96.5964355469
1.612123,-0.785398163397,-0.990951588974,0.220893233455,1.41663125761,-0.793068067337,1.82697111837,3.04456836876,92.2829589844,0.771592336306,-1.063048686,-0.62548066626,1.40972834407,0.726723398261,1.81738373845,-0.412640831941,96.5964355469
1.622118,-0.785398163397,-0.992102074565,0.220509738259,1.4181652384,-0.793068067337,1.82735461357,3.04533535915,92.2829589844,0.771975831503,-1.063048686,-0.62548066626,1.40972834407,0.727490388655,1.81738373845,-0.413791317532,96.5964355469
1.632118,-0.785781658594,-0.991718579368,0.221276728652,1.41739824801,-0.794218552928,1.82735461357,3.04571885435,92.2829589844,0.7723593267,-1.06266519081,-0.626247656654,1.40972834407,0.727106893458,1.81776723364,-0.413024327138,96.5964355469
1.642119,-0.784631173003,-0.990951588974,0.221276728652,1.4181652384,-0.794218552928,1.82735461357,3.04533535915,92.2829589844,0.772742821897,-1.06189820041,-0.62548066626,1.40934484887,0.727490388655,1.81700024325,-0.413407822335,96.5964355469
1.652121,-0.7850146682,-0.991718579368,0.221276728652,1.41969921919,-0.794218552928,1.82735461357,3.04533535915,92.2829589844,0.7723593267,-1.06228169561,-0.62548066626,1.40972834407,0.726723398261,1.81661674805,-0.413024327138,96.5964355469
1.662143,-0.7850146682,-0.991718579368,0.221660223849,1.4185487336,-0.794218552928,1.82697111837,3.04571885435,92.2829589844,0.771592336306,-1.063048686,-0.62548066626,1.41011183926,0.727106893458,1.81738373845,-0.413024327138,96.5964355469
1.672169,-0.784631173003,-0.991335084171,0.220509738259,1.4181652384,-0.793835057731,1.82697111837,3.04533535915,92.2829589844,0.773126317094,-1.063048686,-0.62548066626,1.40934484887,0.726723398261,1.81738373845,-0.414174812729,96.5964355469
1.682157,-0.784631173003,-0.991335084171,0.220893233455,1.41739824801,-0.793835057731,1.82658762317,3.04456836876,92.2829589844,0.772742821897,-1.06228169561,-0.62548066626,1.40972834407,0.727490388655,1.81776723364,-0.413024327138,96.5964355469
1.692146,-0.785398163397,-0.992102074565,0.220509738259,1.41701475281,-0.793835057731,1.82620412798,3.04495186395,92.2829589844,0.771975831503,-1.063048686,-0.624713675866,1.40934484887,0.727106893458,1.81700024325,-0.413791317532,96.5964355469
1.702219,-0.7850146682,-0.991718579368,0.220509738259,1.41893222879,-0.794218552928,1.82735461357,3.04456836876,92.2829589844,0.771208841109,-1.06266519081,-0.624713675866,1.40972834407,0.727106893458,1.81776723364,-0.413791317532,96.5964355469
1.712126,-0.785398163397,-0.991718579368,0.221276728652,1.41893222879,-0.793835057731,1.82697111837,3.04495186395,92.2829589844,0.772742821897,-1.06228169561,-0.626247656654,1.40934484887,0.727106893458,1.81738373845,-0.413791317532,96.5964355469
1.722121,-0.785781658594,-0.991718579368,0.220893233455,1.41663125761,-0.794602048125,1.82697111837,3.04495186395,92.2829589844,0.7723593267,-1.06266519081,-0.625097171063,1.41011183926,0.727490388655,1.81661674805,-0.413024327138,96.5964355469
1.732119,-0.7850146682,-0.991335084171,0.220893233455,1.4185487336,-0.793451562534,1.82735461357,3.04456836876,92.2829589844,0.771975831503,-1.06189820041,-0.62548066626,1.40972834407,0.726723398261,1.81738373845,-0.413024327138,96.5964355469
1.742138,-0.7850146682,-0.990951588974,0.221276728652,1.41893222879,-0.794218552928,1.82697111837,3.04495186395,92.2829589844,0.771975831503,-1.063048686,-0.625097171063,1.41011183926,0.727106893458,1.81776723364,-0.413407822335,96.5964355469
1.752272,-0.784631173003,-0.991335084171,0.220509738259,1.4185487336,-0.794602048125,1.82658762317,3.04456836876,92.2829589844,0.773893307488,-1.06266519081,-0.625864161457,1.40972834407,0.726339903064,1.81776723364,-0.413407822335,96.5964355469
1.762155,-0.785398163397,-0.991718579368,0.220893233455,1.41893222879,-0.793835057731,1.82697111837,3.04533535915,92.2829589844,0.773509812291,-1.06266519081,-0.625864161457,1.41049533446,0.725956407867,1.81776723364,-0.413407822335,96.5964355469
1.772154,-0.784247677806,-0.991718579368,0.221276728652,1.41969921919,-0.793451562534,1.82697111837,3.04533535915,92.2829589844,0.7723593267,-1.06266519081,-0.625097171063,1.40972834407,0.727490388655,1.81738373845,-0.413791317532,96.5964355469
1.782153,-0.7850146682,-0.991335084171,0.220893233455,1.4181652384,-0.793068067337,1.82697111837,3.04495186395,92.2829589844,0.7723593267,-1.063048686,-0.62548066626,1.40972834407,0.727873883852,1.81700024325,-0.413024327138,96.5964355469
1.792172,-0.785781658594,-0.991335084171,0.221276728652,1.4185487336,-0.793835057731,1.82658762317,3.04495186395,92.2829589844,0.771975831503,-1.06266519081,-0.625097171063,1.40934484887,0.727490388655,1.81738373845,-0.413407822335,96.5964355469
1.802198,-0.785398163397,-0.992102074565,0.221660223849,1.4185487336,-0.794218552928,1.82658762317,3.04456836876,92.2829589844,0.7723593267,-1.06266519081,-0.62548066626,1.40934484887,0.727490388655,1.81700024325,-0.413407822335,96.5964355469
1.812165,-0.785398163397,-0.992102074565,0.220509738259,1.4181652384,-0.793835057731,1.82697111837,3.04456836876,92.2829589844,0.771975831503,-1.06189820041,-0.625864161457,1.41011183926,0.727106893458,1.81738373845,-0.412640831941,96.5964355469
1.822156,-0.785398163397,-0.991335084171,0.220509738259,1.4185487336,-0.793451562534,1.82697111837,3.04533535915,92.2829589844,0.773893307488,-1.06266519081,-0.624713675866,1.41011183926,0.726723398261,1.81815072884,-0.413791317532,96.5964355469
1.832152,-0.785398163397,-0.991335084171,0.221276728652,1.41739824801,-0.794218552928,1.82697111837,3.04495186395,92.2829589844,0.771592336306,-1.06266519081,-0.62548066626,1.40934484887,0.727873883852,1.81776723364,-0.413407822335,96.5964355469
1.842127,-0.7850146682,-0.991335084171,0.220893233455,1.41893222879,-0.793835057731,1.82697111837,3.04495186395,92.2829589844,0.7723593267,-1.06266519081,-0.62548066626,1.40972834407,0.727106893458,1.81738373845,-0.413791317532,96.5964355469
1.852119,-0.784631173003,-0.991718579368,0.221276728652,1.4181652384,-0.793835057731,1.82773810877,3.04533535915,92.2829589844,0.771975831503,-1.063048686,-0.625864161457,1.41011183926,0.727106893458,1.81738373845,-0.413407822335,96.5964355469
1.862124,-0.785398163397,-0.991718579368,0.220893233455,1.41739824801,-0.794218552928,1.82735461357,3.04495186395,92.2829589844,0.771975831503,-1.06266519081,-0.625864161457,1.41011183926,0.727106893458,1.81738373845,-0.413024327138,96.5964355469
1.872122,-0.7850146682,-0.992485569762,0.221276728652,1.4185487336,-0.793451562534,1.82658762317,3.04495186395,92.2829589844,0.7723593267,-1.06228169561,-0.626247656654,1.41011183926,0.727106893458,1.81776723364,-0.413407822335,96.5964355469
1.882121,-0.785398163397,-0.991718579368,0.220893233455,1.4185487336,-0.793835057731,1.82620412798,3.04533535915,92.2829589844,0.771975831503,-1.0638156764,-0.62548066626,1.40972834407,0.725956407867,1.81815072884,-0.413024327138,96.5964355469
1.892121,-0.785398163397,-0.991335084171,0.220509738259,1.41893222879,-0.794218552928,1.82697111837,3.04495186395,92.2829589844,0.772742821897,-1.06266519081,-0.62548066626,1.41011183926,0.727106893458,1.81776723364,-0.413791317532,96.5964355469
1.902121,-0.7850146682,-0.991335084171,0.220893233455,1.4185487336,-0.794218552928,1.82620412798,3.04456836876,92.2829589844,0.772742821897,-1.06266519081,-0.62548066626,1.40934484887,0.726723398261,1.81776723364,-0.413024327138,96.5964355469
1.912135,-0.785398163397,-0.991335084171,0.221660223849,1.41701475281,-0.794602048125,1.82735461357,3.04533535915,92.2829589844,0.771975831503,-1.06228169561,-0.62548066626,1.41011183926,0.726339903064,1.81661674805,-0.413407822335,96.5964355469
1.922123,-0.7850146682,-0.991335084171,0.221276728652,1.4185487336,-0.794218552928,1.82658762317,3.04495186395,92.2829589844,0.7723593267,-1.0634321812,-0.62548066626,1.40896135367,0.727106893458,1.81738373845,-0.412640831941,96.5964355469
1.932137,-0.784247677806,-0.991718579368,0.220893233455,1.41701475281,-0.794218552928,1.82697111837,3.04495186395,92.2829589844,0.771975831503,-1.06228169561,-0.625864161457,1.40896135367,0.727106893458,1.81776723364,-0.412640831941,96.5964355469
1.942123,-0.784631173003,-0.991335084171,0.221276728652,1.4181652384,-0.793835057731,1.82658762317,3.04495186395,92.2829589844,0.7723593267,-1.063048686,-0.62548066626,1.41011183926,0.727873883852,1.81700024325,-0.413024327138,96.5964355469
1.952124,-0.784631173003,-0.991718579368,0.220509738259,1.41893222879,-0.793835057731,1.82658762317,3.04533535915,92.2829589844,0.7723593267,-1.063048686,-0.626247656654,1.41049533446,0.727106893458,1.81738373845,-0.413407822335,96.5964355469
1.962121,-0.785398163397,-0.991335084171,0.220893233455,1.4185487336,-0.793835057731,1.82735461357,3.04571885435,92.2829589844,0.771592336306,-1.06266519081,-0.625864161457,1.40972834407,0.727490388655,1.81700024325,-0.413024327138,96.5964355469
1.972121,-0.7850146682,-0.992102074565,0.220893233455,1.4181652384,-0.794602048125,1.82697111837,3.04495186395,92.2829589844,0.771975831503,-1.063048686,-0.62548066626,1.40972834407,0.727490388655,1.81738373845,-0.413791317532,96.5964355469
1.982121,-0.7850146682,-0.991718579368,0.220509738259,1.4185487336,-0.793835057731,1.82773810877,3.04495186395,92.2829589844,0.7723593267,-1.06228169561,-0.62548066626,1.40972834407,0.726723398261,1.81738373845,-0.413407822335,96.5964355469
1.992120,-0.785781658594,-0.992102074565,0.221276728652,1.4185487336,-0.793451562534,1.82773810877,3.04533535915,92.2829589844,0.772742821897,-1.06266519081,-0.625097171063,1.41011183926,0.727106893458,1.81738373845,-0.413791317532,96.5964355469
2.002119,-0.7850146682,-0.992485569762,0.220893233455,1.41701475281,-0.793835057731,1.82697111837,3.04418487356,92.2829589844,0.773126317094,-1.06266519081,-0.625097171063,1.40934484887,0.727106893458,1.81738373845,-0.412640831941,96.5964355469
2.012121,-0.7850146682,-0.991718579368,0.220893233455,1.41893222879,-0.794985543322,1.82697111837,3.04456836876,92.2829589844,0.771592336306,-1.063048686,-0.62548066626,1.41011183926,0.727106893458,1.81776723364,-0.413024327138,96.5964355469
2.022123,-0.786165153791,-0.991718579368,0.221276728652,1.4181652384,-0.793835057731,1.82697111837,3.04456836876,92.2829589844,0.773509812291,-1.06228169561,-0.625097171063,1.40934484887,0.727490388655,1.81738373845,-0.413024327138,96.5964355469
2.032122,-0.784247677806,-0.991335084171,0.220893233455,1.41893222879,-0.793835057731,1.82735461357,3.04456836876,92.2829589844,0.7723593267,-1.063048686,-0.626631151851,1.40934484887,0.726339903064,1.81776723364,-0.413024327138,96.5964355469
2.042122,-0.785398163397,-0.991718579368,0.221660223849,1.4181652384,-0.793068067337,1.82620412798,3.04495186395,92.2829589844,0.773893307488,-1.06266519081,-0.62548066626,1.40972834407,0.728257379049,1.81738373845,-0.413024327138,96.5964355469
2.052119,-0.7850146682,-0.991718579368,0.220509738259,1.4181652384,-0.793451562534,1.82697111837,3.04418487356,92.2829589844,0.7723593267,-1.06228169561,-0.62548066626,1.40972834407,0.727490388655,1.81776723364,-0.413791317532,96.5964355469
2.062120,-0.7850146682,-0.992485569762,0.221276728652,1.4185487336,-0.793835057731,1.82697111837,3.04495186395,92.2829589844,0.771592336306,-1.06228169561,-0.62548066626,1.41011183926,0.727106893458,1.81776723364,-0.413024327138,96.5964355469
2.072123,-0.7850146682,-0.991335084171,0.220509738259,1.4181652384,-0.793835057731,1.82620412798,3.04495186395,92.2829589844,0.7723593267,-1.063048686,-0.625864161457,1.40934484887,0.727490388655,1.81700024325,-0.413024327138,96.5964355469
2.082128,-0.784631173003,-0.991718579368,0.220893233455,1.4181652384,-0.793451562534,1.82658762317,3.04418487356,92.2829589844,0.7723593267,-1.063048686,-0.62548066626,1.40972834407,0.727106893458,1.81776723364,-0.413407822335,96.5964355469
2.092128,-0.7850146682,-0.992102074565,0.220509738259,1.41739824801,-0.793835057731,1.82773810877,3.04495186395,92.2829589844,0.771975831503,-1.063048686,-0.625097171063,1.40972834407,0.726723398261,1.81661674805,-0.413791317532,96.5964355469
2.102124,-0.784631173003,-0.991718579368,0.220893233455,1.41893222879,-0.794602048125,1.82697111837,3.04418487356,92.2829589844,0.773126317094,-1.06228169561,-0.62548066626,1.40972834407,0.727106893458,1.81661674805,-0.412640831941,96.5964355469
2.112123,-0.784631173003,-0.991335084171,0.220893233455,1.4185487336,-0.793451562534,1.82697111837,3.04456836876,92.2829589844,0.771592336306,-1.06266519081,-0.625097171063,1.40972834407,0.727490388655,1.81776723364,-0.413791317532,96.5964355469
2.122124,-0.7850146682,-0.992102074565,0.221276728652,1.41739824801,-0.794602048125,1.82735461357,3.04456836876,92.2829589844,0.773126317094,-1.063048686,-0.62548066626,1.40972834407,0.727490388655,1.81738373845,-0.413791317532,96.5964355469
2.132124,-0.785781658594,-0.991335084171,0.220893233455,1.4181652384,-0.793068067337,1.82697111837,3.04495186395,92.2829589844,0.773509812291,-1.063048686,-0.62548066626,1.40934484887,0.726339903064,1.81776723364,-0.413024327138,96.5964355469
2.142124,-0.7850146682,-0.991335084171,0.220509738259,1.41969921919,-0.793451562534,1.82658762317,3.04495186395,92.2829589844,0.771975831503,-1.06266519081,-0.62548066626,1.40972834407,0.727490388655,1.81776723364,-0.413791317532,96.5964355469
2.152124,-0.785398163397,-0.991718579368,0.220893233455,1.4185487336,-0.793451562534,1.82735461357,3.04495186395,92.2829589844,0.7723593267,-1.06228169561,-0.62548066626,1.40972834407,0.727106893458,1.81738373845,-0.413407822335,96.5964355469
2.162122,-0.7850146682,-0.991335084171,0.220893233455,1.4185487336,-0.793451562534,1.82620412798,3.04495186395,92.2829589844,0.7723593267,-1.06228169561,-0.62548066626,1.40934484887,0.727106893458,1.81776723364,-0.413407822335,96.5964355469
2.172123,-0.7850146682,-0.991718579368,0.221276728652,1.4185487336,-0.793068067337,1.82658762317,3.04418487356,92.2829589844,0.771975831503,-1.06266519081,-0.624713675866,1.41049533446,0.726723398261,1.81776723364,-0.412640831941,96.5964355469
2.182124,-0.785398163397,-0.991718579368,0.220126243062,1.4181652384,-0.794218552928,1.82658762317,3.04495186395,92.2829589844,0.771592336306,-1.06189820041,-0.625864161457,1.40934484887,0.726723398261,1.81776723364,-0.413407822335,96.5964355469
2.192123,-0.784631173003,-0.991718579368,0.220509738259,1.41739824801,-0.793451562534,1.82697111837,3.04495186395,92.2829589844,0.7723593267,-1.06266519081,-0.626631151851,1.40972834407,0.727106893458,1.81776723364,-0.413407822335,96.5964355469
2.202136,-0.785398163397,-0.992102074565,0.220893233455,1.4181652384,-0.793451562534,1.82697111837,3.04495186395,92.2829589844,0.771592336306,-1.063048686,-0.626247656654,1.40934484887,0.727106893458,1.81738373845,-0.413407822335,96.5964355469
2.212124,-0.784631173003,-0.991718579368,0.221276728652,1.41969921919,-0.794218552928,1.82735461357,3.04533535915,92.2829589844,0.7723593267,-1.06228169561,-0.625864161457,1.41049533446,0.727490388655,1.81776723364,-0.413024327138,96.5964355469
2.222126,-0.7850146682,-0.991718579368,0.220893233455,1.41701475281,-0.793835057731,1.82697111837,3.04495186395,92.2829589844,0.771975831503,-1.06266519081,-0.62548066626,1.40972834407,0.726723398261,1.81776723364,-0.413024327138,96.5964355469
2.232125,-0.7850146682,-0.991335084171,0.220893233455,1.4185487336,-0.793835057731,1.82697111837,3.04456836876,92.2829589844,0.7723593267,-1.0634321812,-0.625097171063,1.40972834407,0.727490388655,1.81738373845,-0.413791317532,96.5964355469
2.242138,-0.785398163397,-0.992102074565,0.220893233455,1.4185487336,-0.793835057731,1.82697111837,3.04495186395,92.2829589844,0.7723593267,-1.063048686,-0.62548066626,1.40934484887,0.727106893458,1.81776723364,-0.413407822335,96.5964355469
2.252125,-0.7850146682,-0.991335084171,0.220893233455,1.4185487336,-0.794218552928,1.82658762317,3.04533535915,92.2829589844,0.771975831503,-1.063048686,-0.62548066626,1.41049533446,0.727106893458,1.81776723364,-0.413407822335,96.5964355469
2.262121,-0.785781658594,-0.991335084171,0.221276728652,1.41893222879,-0.793835057731,1.82620412798,3.04533535915,92.2829589844,0.773509812291,-1.06266519081,-0.625864161457,1.40972834407,0.726723398261,1.81738373845,-0.413407822335,96.5964355469
2.272123,-0.786165153791,-0.991718579368,0.220893233455,1.4185487336,-0.793451562534,1.82735461357,3.04533535915,92.2829589844,0.771975831503,-1.06228169561,-0.625864161457,1.40934484887,0.727490388655,1.81738373845,-0.412640831941,96.5964355469
2.282138,-0.7850146682,-0.991718579368,0.221276728652,1.41701475281,-0.794218552928,1.82773810877,3.04418487356,92.2829589844,0.771592336306,-1.06228169561,-0.62548066626,1.40972834407,0.727490388655,1.81700024325,-0.413024327138,96.5964355469
2.292128,-0.7850146682,-0.990951588974,0.220509738259,1.41739824801,-0.793835057731,1.82620412798,3.04418487356,92.2829589844,0.772742821897,-1.06266519081,-0.62548066626,1.40934484887,0.727490388655,1.81700024325,-0.413407822335,96.5964355469
2.302128,-0.785398163397,-0.992102074565,0.220893233455,1.41701475281,-0.793835057731,1.82697111837,3.04456836876,92.2829589844,0.771592336306,-1.063048686,-0.625097171063,1.40972834407,0.726339903064,1.81738373845,-0.413791317532,96.5964355469
2.312122,-0.7850146682,-0.991718579368,0.220893233455,1.4185487336,-0.793451562534,1.82658762317,3.04456836876,92.2829589844,0.773893307488,-1.06228169561,-0.625097171063,1.41011183926,0.727490388655,1.81738373845,-0.413407822335,96.5964355469
2.322125,-0.784631173003,-0.992102074565,0.220893233455,1.4185487336,-0.794218552928,1.82658762317,3.04456836876,92.2829589844,0.771975831503,-1.063048686,-0.62548066626,1.40857785848,0.726723398261,1.81738373845,-0.414174812729,96.5964355469
2.332125,-0.784631173003,-0.991718579368,0.220893233455,1.4185487336,-0.793835057731,1.82697111837,3.04495186395,92.2829589844,0.771975831503,-1.06228169561,-0.62548066626,1.40934484887,0.726339903064,1.81700024325,-0.412640831941,96.5964355469
2.342122,-0.784631173003,-0.992102074565,0.221276728652,1.4185487336,-0.793068067337,1.82773810877,3.04533535915,92.2829589844,0.771975831503,-1.063048686,-0.62548066626,1.40972834407,0.726723398261,1.81776723364,-0.413407822335,96.5964355469
2.352123,-0.7850146682,-0.992102074565,0.221276728652,1.41739824801,-0.794218552928,1.82658762317,3.04495186395,92.2829589844,0.7723593267,-1.06228169561,-0.62548066626,1.41049533446,0.726723398261,1.81700024325,-0.412257336744,96.5964355469
2.362120,-0.785398163397,-0.992102074565,0.220509738259,1.41739824801,-0.794218552928,1.82735461357,3.04418487356,92.2829589844,0.771592336306,-1.06266519081,-0.62548066626,1.40934484887,0.727106893458,1.81738373845,-0.413407822335,96.5964355469
2.372121,-0.7850146682,-0.992102074565,0.220893233455,1.4185487336,-0.793451562534,1.82697111837,3.04571885435,92.2829589844,0.771975831503,-1.06228169561,-0.625864161457,1.40934484887,0.726723398261,1.81776723364,-0.413407822335,96.5964355469
2.382121,-0.7850146682,-0.991718579368,0.221276728652,1.4185487336,-0.794218552928,1.82658762317,3.04495186395,92.2829589844,0.771975831503,-1.06266519081,-0.625097171063,1.40972834407,0.727106893458,1.81776723364,-0.413791317532,96.5964355469
2.392119,-0.784247677806,-0.992102074565,0.220893233455,1.41739824801,-0.793451562534,1.82773810877,3.04495186395,92.2829589844,0.772742821897,-1.06266519081,-0.62548066626,1.40972834407,0.727106893458,1.81700024325,-0.413407822335,96.5964355469
2.402119,-0.7850146682,-0.991718579368,0.220893233455,1.41893222879,-0.793835057731,1.82697111837,3.04456836876,92.2829589844,0.7723593267,-1.06189820041,-0.625864161457,1.40972834407,0.727490388655,1.81776723364,-0.413791317532,96.5964355469
2.412119,-0.785398163397,-0.991718579368,0.221276728652,1.4181652384,-0.793451562534,1.82658762317,3.04495186395,92.2829589844,0.772742821897,-1.06189820041,-0.625864161457,1.40896135367,0.727106893458,1.81738373845,-0.413791317532,96.5964355469
2.422120,-0.785398163397,-0.991335084171,0.221276728652,1.41701475281,-0.794985543322,1.82697111837,3.04418487356,92.2829589844,0.774276802685,-1.06266519081,-0.625097171063,1.40972834407,0.727106893458,1.81738373845,-0.413407822335,96.5964355469
2.432120,-0.785398163397,-0.991718579368,0.220893233455,1.4185487336,-0.794218552928,1.82735461357,3.04533535915,92.2829589844,0.771975831503,-1.06266519081,-0.624713675866,1.41011183926,0.727106893458,1.81700024325,-0.413791317532,96.5964355469
2.442120,-0.785398163397,-0.991335084171,0.220509738259,1.4185487336,-0.794602048125,1.82620412798,3.04456836876,92.2829589844,0.773126317094,-1.06189820041,-0.624713675866,1.40972834407,0.727873883852,1.81700024325,-0.413407822335,96.5964355469
2.452121,-0.784631173003,-0.991335084171,0.220893233455,1.41893222879,-0.794218552928,1.82773810877,3.04533535915,92.2829589844,0.771592336306,-1.06228169561,-0.625097171063,1.40972834407,0.727490388655,1.81776723364,-0.412640831941,96.5964355469
2.462177,-0.7850146682,-0.991718579368,0.220509738259,1.4185487336,-0.793835057731,1.82697111837,3.04571885435,92.2829589844,0.773126317094,-1.06189820041,-0.62548066626,1.40934484887,0.726723398261,1.81700024325,-0.412640831941,96.5964355469
2.472165,-0.7850146682,-0.991335084171,0.220509738259,1.4181652384,-0.793068067337,1.82773810877,3.04495186395,92.2829589844,0.771592336306,-1.063048686,-0.62548066626,1.41011183926,0.727106893458,1.81661674805,-0.413024327138,96.5964355469
2.482119,-0.785398163397,-0.991335084171,0.221276728652,1.41893222879,-0.793451562534,1.82620412798,3.04533535915,92.2829589844,0.771592336306,-1.063048686,-0.625097171063,1.40972834407,0.727490388655,1.81738373845,-0.413024327138,96.5964355469
2.492120,-0.7850146682,-0.991718579368,0.220893233455,1.4181652384,-0.793451562534,1.82812160396,3.04571885435,92.2829589844,0.772742821897,-1.063048686,-0.62548066626,1.41049533446,0.727106893458,1.81738373845,-0.412640831941,96.5964355469
2.502122,-0.785398163397,-0.992102074565,0.221276728652,1.41739824801,-0.794218552928,1.82697111837,3.04456836876,92.2829589844,0.7723593267,-1.063048686,-0.62548066626,1.40934484887,0.727490388655,1.81776723364,-0.413791317532,96.5964355469
2.512212,-0.784631173003,-0.991718579368,0.220893233455,1.4185487336,-0.793068067337,1.82697111837,3.04495186395,92.2829589844,0.771592336306,-1.06266519081,-0.62548066626,1.41011183926,0.727490388655,1.81661674805,-0.413791317532,96.5964355469
2.522126,-0.785398163397,-0.991718579368,0.220893233455,1.41893222879,-0.793835057731,1.82697111837,3.04495186395,92.2829589844,0.773509812291,-1.06266519081,-0.62548066626,1.41011183926,0.727106893458,1.81738373845,-0.414174812729,96.5964355469
2.532118,-0.785398163397,-0.992102074565,0.221660223849,1.4185487336,-0.793835057731,1.82658762317,3.04495186395,92.2829589844,0.773509812291,-1.06266519081,-0.62548066626,1.41011183926,0.726723398261,1.81738373845,-0.413407822335,96.5964355469
2.542119,-0.7850146682,-0.991718579368,0.220509738259,1.4185487336,-0.793835057731,1.82697111837,3.04495186395,92.2829589844,0.773126317094,-1.06228169561,-0.625864161457,1.40972834407,0.726723398261,1.81738373845,-0.413407822335,96.5964355469
2.552117,-0.785398163397,-0.991718579368,0.220509738259,1.4181652384,-0.793451562534,1.82697111837,3.04418487356,92.2829589844,0.772742821897,-1.06228169561,-0.625097171063,1.40972834407,0.727490388655,1.81700024325,-0.414174812729,96.5964355469
2.562418,-0.784631173003,-0.991335084171,0.220509738259,1.41893222879,-0.793451562534,1.82773810877,3.04533535915,92.2829589844,0.772742821897,-1.063048686,-0.62548066626,1.40972834407,0.726723398261,1.81700024325,-0.413407822335,96.5964355469
2.572128,-0.7850146682,-0.991718579368,0.220893233455,1.4181652384,-0.794218552928,1.82697111837,3.04533535915,92.2829589844,0.771975831503,-1.06228169561,-0.62548066626,1.40934484887,0.727106893458,1.81738373845,-0.413407822335,96.5964355469
2.582121,-0.784631173003,-0.992102074565,0.221276728652,1.41969921919,-0.794218552928,1.82773810877,3.04533535915,92.2829589844,0.771975831503,-1.06266519081,-0.62548066626,1.41011183926,0.727106893458,1.81700024325,-0.413407822335,96.5964355469
2.592124,-0.784247677806,-0.992869064959,0.220893233455,1.4185487336,-0.794218552928,1.82697111837,3.04418487356,92.2829589844,0.771592336306,-1.063048686,-0.625864161457,1.41049533446,0.727490388655,1.81738373845,-0.413407822335,96.5964355469
2.602133,-0.784631173003,-0.991335084171,0.220509738259,1.4185487336,-0.793835057731,1.82658762317,3.04571885435,92.2829589844,0.771592336306,-1.06266519081,-0.62548066626,1.41011183926,0.727106893458,1.81700024325,-0.413024327138,96.5964355469
2.612125,-0.784631173003,-0.991718579368,0.220509738259,1.41739824801,-0.794218552928,1.82658762317,3.04456836876,92.2829589844,0.771975831503,-1.06228169561,-0.625864161457,1.40934484887,0.727490388655,1.81776723364,-0.413407822335,96.5964355469
2.622123,-0.784247677806,-0.992102074565,0.220893233455,1.4181652384,-0.793835057731,1.82697111837,3.04571885435,92.2829589844,0.773126317094,-1.06266519081,-0.625864161457,1.40934484887,0.726723398261,1.81700024325,-0.413407822335,96.5964355469
2.632120,-0.784631173003,-0.991718579368,0.221276728652,1.4185487336,-0.793835057731,1.82658762317,3.04533535915,92.2829589844,0.771592336306,-1.06228169561,-0.625097171063,1.40972834407,0.727106893458,1.81700024325,-0.413024327138,96.5964355469
2.642121,-0.785398163397,-0.991335084171,0.219742747865,1.4185487336,-0.793068067337,1.82658762317,3.04456836876,92.2829589844,0.7723593267,-1.06228169561,-0.625097171063,1.40972834407,0.727490388655,1.81700024325,-0.413791317532,96.5964355469
2.652121,-0.785781658594,-0.991718579368,0.220893233455,1.41893222879,-0.793835057731,1.82658762317,3.04533535915,92.2829589844,0.7723593267,-1.063048686,-0.625097171063,1.40972834407,0.727490388655,1.81700024325,-0.413791317532,96.5964355469
2.662134,-0.786165153791,-0.991335084171,0.220509738259,1.4181652384,-0.79268457214,1.82735461357,3.04495186395,92.2829589844,0.772742821897,-1.06266519081,-0.625864161457,1.40972834407,0.727106893458,1.81738373845,-0.413791317532,96.5964355469
2.672124,-0.784631173003,-0.992102074565,0.220893233455,1.4185487336,-0.794218552928,1.82658762317,3.04533535915,92.2829589844,0.7723593267,-1.06266519081,-0.626247656654,1.40972834407,0.726723398261,1.81738373845,-0.413407822335,96.5964355469
2.682121,-0.784631173003,-0.990951588974,0.221276728652,1.4185487336,-0.793451562534,1.82735461357,3.04456836876,92.2829589844,0.773126317094,-1.06228169561,-0.625097171063,1.40972834407,0.727490388655,1.81738373845,-0.413024327138,96.5964355469
2.692124,-0.785781658594,-0.992102074565,0.220893233455,1.4185487336,-0.793835057731,1.82543713758,3.04533535915,92.2829589844,0.773893307488,-1.06228169561,-0.62548066626,1.41011183926,0.726723398261,1.81738373845,-0.414174812729,96.5964355469
2.702121,-0.784631173003,-0.991335084171,0.220893233455,1.41969921919,-0.794218552928,1.82697111837,3.04418487356,92.2829589844,0.7723593267,-1.063048686,-0.625097171063,1.40972834407,0.727106893458,1.81776723364,-0.413024327138,96.5964355469
2.712122,-0.7850146682,-0.992485569762,0.220893233455,1.41969921919,-0.793835057731,1.82697111837,3.04495186395,92.2829589844,0.773126317094,-1.063048686,-0.62548066626,1.40934484887,0.727106893458,1.81738373845,-0.413024327138,96.5964355469
2.722121,-0.7850146682,-0.992485569762,0.220126243062,1.41893222879,-0.793451562534,1.82658762317,3.04456836876,92.2829589844,0.771592336306,-1.06228169561,-0.62548066626,1.40934484887,0.727490388655,1.81776723364,-0.413791317532,96.5964355469
2.732122,-0.784631173003,-0.990951588974,0.220126243062,1.4181652384,-0.794218552928,1.82697111837,3.04533535915,92.2829589844,0.771592336306,-1.06228169561,-0.62548066626,1.40934484887,0.727106893458,1.81738373845,-0.413407822335,96.5964355469
2.742122,-0.784631173003,-0.991335084171,0.220893233455,1.4181652384,-0.793835057731,1.82620412798,3.04533535915,92.2829589844,0.771975831503,-1.063048686,-0.62548066626,1.41011183926,0.727106893458,1.81776723364,-0.413024327138,96.5964355469
2.752121,-0.784247677806,-0.991335084171,0.220893233455,1.41701475281,-0.793835057731,1.82697111837,3.04571885435,92.2829589844,0.771592336306,-1.06228169561,-0.62548066626,1.40972834407,0.726339903064,1.81738373845,-0.413791317532,96.5964355469
